[151.85714286 178.85714286 184.28571429 182.57142857 177.14285714
 175.         176.42857143 180.         183.57142857 182.42857143
 182.42857143 186.42857143 185.71428571 185.         185.42857143
 190.28571429 184.71428571 156.42857143 114.42857143 114.28571429
 152.14285714 152.14285714 117.28571429 117.14285714 145.28571429
 158.28571429 129.14285714 119.         112.42857143 110.
 122.71428571 144.28571429 157.14285714 158.71428571 147.
 141.57142857 149.         174.28571429 192.85714286 191.85714286
 192.28571429 189.         185.         171.28571429 161.
 165.28571429 176.42857143 176.57142857 173.57142857 172.
 176.28571429 187.42857143 192.14285714 190.28571429 188.71428571
 188.28571429 189.42857143 185.71428571 174.85714286 160.42857143
 155.14285714 159.28571429 159.85714286 160.85714286 163.28571429
 171.         190.28571429 193.42857143 194.42857143 193.42857143
 189.57142857 168.85714286 146.71428571 137.42857143 146.28571429
 156.42857143 163.28571429 176.         179.57142857 188.28571429
 181.14285714 162.71428571 140.14285714 129.42857143 115.85714286
 113.         119.14285714 137.57142857 168.42857143 176.57142857
 175.14285714 169.42857143 167.85714286 172.         178.14285714
 173.71428571 162.28571429 156.14285714 161.28571429 169.85714286
 163.57142857 154.         122.         108.14285714 100.71428571
 102.42857143 122.28571429 141.71428571 151.42857143 142.85714286
 123.14285714 124.         150.42857143 150.42857143 125.14285714
 125.57142857 154.57142857 177.14285714 188.71428571 187.
 186.71428571 182.28571429 174.71428571 165.42857143 163.
 162.71428571 170.14285714 173.14285714 180.71428571 187.57142857
 193.42857143 193.28571429 188.28571429 188.         189.
 191.         185.28571429 177.71428571 162.85714286 158.57142857
 163.71428571 172.85714286 181.57142857 188.42857143 193.28571429
 197.         192.71428571 187.57142857 187.71428571 190.14285714
 186.71428571 174.42857143 161.57142857 161.28571429 163.
 160.57142857 162.71428571 177.42857143 186.42857143 194.14285714
 195.28571429 191.14285714 186.28571429 184.71428571 182.14285714
 180.         175.         173.28571429 172.42857143 168.14285714
 164.42857143 168.14285714 175.28571429 184.42857143 192.71428571
 191.14285714 190.14285714 190.14285714 186.71428571 182.57142857
 177.42857143 165.71428571 140.85714286 126.42857143 119.42857143
 123.71428571 127.28571429 132.42857143 145.42857143 173.
 187.42857143 192.14285714 182.         176.71428571 175.14285714
 171.28571429 167.57142857 160.71428571 150.         136.14285714
 137.57142857 163.71428571 178.85714286 188.57142857 188.
 178.42857143 113.71428571 113.85714286 161.85714286 161.71428571
 122.42857143 120.85714286 136.85714286 189.57142857 199.14285714
 197.85714286 195.28571429 194.57142857 195.28571429 196.14285714
 198.14285714 198.85714286 199.14285714 198.42857143 198.71428571
 201.71428571 205.         201.85714286 182.85714286 158.42857143
 157.71428571 161.57142857 164.57142857 165.57142857 164.57142857
 163.57142857 164.         164.71428571 162.28571429 150.57142857][151.85714286 178.85714286 184.28571429 182.57142857 177.14285714
 175.         176.42857143 180.         183.57142857 182.42857143
 182.42857143 186.42857143 185.71428571 185.         185.42857143
 190.28571429 184.71428571 156.42857143 114.42857143 114.28571429
 152.14285714 152.14285714 117.28571429 117.14285714 145.28571429
 158.28571429 129.14285714 119.         112.42857143 110.
 122.71428571 144.28571429 157.14285714 158.71428571 147.
 141.57142857 149.         174.28571429 192.85714286 191.85714286
 192.28571429 189.         185.         171.28571429 161.
 165.28571429 176.42857143 176.57142857 173.57142857 172.
 176.28571429 187.42857143 192.14285714 190.28571429 188.71428571
 188.28571429 189.42857143 185.71428571 174.85714286 160.42857143
 155.14285714 159.28571429 159.85714286 160.85714286 163.28571429
 171.         190.28571429 193.42857143 194.42857143 193.42857143
 189.57142857 168.85714286 146.71428571 137.42857143 146.28571429
 156.42857143 163.28571429 176.         179.57142857 188.28571429
 181.14285714 162.71428571 140.14285714 129.42857143 115.85714286
 113.         119.14285714 137.57142857 168.42857143 176.57142857
 175.14285714 169.42857143 167.85714286 172.         178.14285714
 173.71428571 162.28571429 156.14285714 161.28571429 169.85714286
 163.57142857 154.         122.         108.14285714 100.71428571
 102.42857143 122.28571429 141.71428571 151.42857143 142.85714286
 123.14285714 124.         150.42857143 150.42857143 125.14285714
 125.57142857 154.57142857 177.14285714 188.71428571 187.
 186.71428571 182.28571429 174.71428571 165.42857143 163.
 162.71428571 170.14285714 173.14285714 180.71428571 187.57142857
 193.42857143 193.28571429 188.28571429 188.         189.
 191.         185.28571429 177.71428571 162.85714286 158.57142857
 163.71428571 172.85714286 181.57142857 188.42857143 193.28571429
 197.         192.71428571 187.57142857 187.71428571 190.14285714
 186.71428571 174.42857143 161.57142857 161.28571429 163.
 160.57142857 162.71428571 177.42857143 186.42857143 194.14285714
 195.28571429 191.14285714 186.28571429 184.71428571 182.14285714
 180.         175.         173.28571429 172.42857143 168.14285714
 164.42857143 168.14285714 175.28571429 184.42857143 192.71428571
 191.14285714 190.14285714 190.14285714 186.71428571 182.57142857
 177.42857143 165.71428571 140.85714286 126.42857143 119.42857143
 123.71428571 127.28571429 132.42857143 145.42857143 173.
 187.42857143 192.14285714 182.         176.71428571 175.14285714
 171.28571429 167.57142857 160.71428571 150.         136.14285714
 137.57142857 163.71428571 178.85714286 188.57142857 188.
 178.42857143 113.71428571 113.85714286 161.85714286 161.71428571
 122.42857143 120.85714286 136.85714286 189.57142857 199.14285714
 197.85714286 195.28571429 194.57142857 195.28571429 196.14285714
 198.14285714 198.85714286 199.14285714 198.42857143 198.71428571
 201.71428571 205.         201.85714286 182.85714286 158.42857143
 157.71428571 161.57142857 164.57142857 165.57142857 164.57142857
 163.57142857 164.         164.71428571 162.28571429 150.57142857][151.85714286 178.85714286 184.28571429 182.57142857 177.14285714
 175.         176.42857143 180.         183.57142857 182.42857143
 182.42857143 186.42857143 185.71428571 185.         185.42857143
 190.28571429 184.71428571 156.42857143 114.42857143 114.28571429
 152.14285714 152.14285714 117.28571429 117.14285714 145.28571429
 158.28571429 129.14285714 119.         112.42857143 110.
 122.71428571 144.28571429 157.14285714 158.71428571 147.
 141.57142857 149.         174.28571429 192.85714286 191.85714286
 192.28571429 189.         185.         171.28571429 161.
 165.28571429 176.42857143 176.57142857 173.57142857 172.
 176.28571429 187.42857143 192.14285714 190.28571429 188.71428571
 188.28571429 189.42857143 185.71428571 174.85714286 160.42857143
 155.14285714 159.28571429 159.85714286 160.85714286 163.28571429
 171.         190.28571429 193.42857143 194.42857143 193.42857143
 189.57142857 168.85714286 146.71428571 137.42857143 146.28571429
 156.42857143 163.28571429 176.         179.57142857 188.28571429
 181.14285714 162.71428571 140.14285714 129.42857143 115.85714286
 113.         119.14285714 137.57142857 168.42857143 176.57142857
 175.14285714 169.42857143 167.85714286 172.         178.14285714
 173.71428571 162.28571429 156.14285714 161.28571429 169.85714286
 163.57142857 154.         122.         108.14285714 100.71428571
 102.42857143 122.28571429 141.71428571 151.42857143 142.85714286
 123.14285714 124.         150.42857143 150.42857143 125.14285714
 125.57142857 154.57142857 177.14285714 188.71428571 187.
 186.71428571 182.28571429 174.71428571 165.42857143 163.
 162.71428571 170.14285714 173.14285714 180.71428571 187.57142857
 193.42857143 193.28571429 188.28571429 188.         189.
 191.         185.28571429 177.71428571 162.85714286 158.57142857
 163.71428571 172.85714286 181.57142857 188.42857143 193.28571429
 197.         192.71428571 187.57142857 187.71428571 190.14285714
 186.71428571 174.42857143 161.57142857 161.28571429 163.
 160.57142857 162.71428571 177.42857143 186.42857143 194.14285714
 195.28571429 191.14285714 186.28571429 184.71428571 182.14285714
 180.         175.         173.28571429 172.42857143 168.14285714
 164.42857143 168.14285714 175.28571429 184.42857143 192.71428571
 191.14285714 190.14285714 190.14285714 186.71428571 182.57142857
 177.42857143 165.71428571 140.85714286 126.42857143 119.42857143
 123.71428571 127.28571429 132.42857143 145.42857143 173.
 187.42857143 192.14285714 182.         176.71428571 175.14285714
 171.28571429 167.57142857 160.71428571 150.         136.14285714
 137.57142857 163.71428571 178.85714286 188.57142857 188.
 178.42857143 113.71428571 113.85714286 161.85714286 161.71428571
 122.42857143 120.85714286 136.85714286 189.57142857 199.14285714
 197.85714286 195.28571429 194.57142857 195.28571429 196.14285714
 198.14285714 198.85714286 199.14285714 198.42857143 198.71428571
 201.71428571 205.         201.85714286 182.85714286 158.42857143
 157.71428571 161.57142857 164.57142857 165.57142857 164.57142857
 163.57142857 164.         164.71428571 162.28571429 150.57142857][151.85714286 178.85714286 184.28571429 182.57142857 177.14285714
 175.         176.42857143 180.         183.57142857 182.42857143
 182.42857143 186.42857143 185.71428571 185.         185.42857143
 190.28571429 184.71428571 156.42857143 114.42857143 114.28571429
 152.14285714 152.14285714 117.28571429 117.14285714 145.28571429
 158.28571429 129.14285714 119.         112.42857143 110.
 122.71428571 144.28571429 157.14285714 158.71428571 147.
 141.57142857 149.         174.28571429 192.85714286 191.85714286
 192.28571429 189.         185.         171.28571429 161.
 165.28571429 176.42857143 176.57142857 173.57142857 172.
 176.28571429 187.42857143 192.14285714 190.28571429 188.71428571
 188.28571429 189.42857143 185.71428571 174.85714286 160.42857143
 155.14285714 159.28571429 159.85714286 160.85714286 163.28571429
 171.         190.28571429 193.42857143 194.42857143 193.42857143
 189.57142857 168.85714286 146.71428571 137.42857143 146.28571429
 156.42857143 163.28571429 176.         179.57142857 188.28571429
 181.14285714 162.71428571 140.14285714 129.42857143 115.85714286
 113.         119.14285714 137.57142857 168.42857143 176.57142857
 175.14285714 169.42857143 167.85714286 172.         178.14285714
 173.71428571 162.28571429 156.14285714 161.28571429 169.85714286
 163.57142857 154.         122.         108.14285714 100.71428571
 102.42857143 122.28571429 141.71428571 151.42857143 142.85714286
 123.14285714 124.         150.42857143 150.42857143 125.14285714
 125.57142857 154.57142857 177.14285714 188.71428571 187.
 186.71428571 182.28571429 174.71428571 165.42857143 163.
 162.71428571 170.14285714 173.14285714 180.71428571 187.57142857
 193.42857143 193.28571429 188.28571429 188.         189.
 191.         185.28571429 177.71428571 162.85714286 158.57142857
 163.71428571 172.85714286 181.57142857 188.42857143 193.28571429
 197.         192.71428571 187.57142857 187.71428571 190.14285714
 186.71428571 174.42857143 161.57142857 161.28571429 163.
 160.57142857 162.71428571 177.42857143 186.42857143 194.14285714
 195.28571429 191.14285714 186.28571429 184.71428571 182.14285714
 180.         175.         173.28571429 172.42857143 168.14285714
 164.42857143 168.14285714 175.28571429 184.42857143 192.71428571
 191.14285714 190.14285714 190.14285714 186.71428571 182.57142857
 177.42857143 165.71428571 140.85714286 126.42857143 119.42857143
 123.71428571 127.28571429 132.42857143 145.42857143 173.
 187.42857143 192.14285714 182.         176.71428571 175.14285714
 171.28571429 167.57142857 160.71428571 150.         136.14285714
 137.57142857 163.71428571 178.85714286 188.57142857 188.
 178.42857143 113.71428571 113.85714286 161.85714286 161.71428571
 122.42857143 120.85714286 136.85714286 189.57142857 199.14285714
 197.85714286 195.28571429 194.57142857 195.28571429 196.14285714
 198.14285714 198.85714286 199.14285714 198.42857143 198.71428571
 201.71428571 205.         201.85714286 182.85714286 158.42857143
 157.71428571 161.57142857 164.57142857 165.57142857 164.57142857
 163.57142857 164.         164.71428571 162.28571429 150.57142857][255. 255. 255. 255. 255. 255. 255. 255. 255. 255. 255. 255. 255. 255.
 255. 255. 255. 255. 255. 255. 255. 255. 255. 255. 255. 255. 255. 255.
 255. 255. 255. 255. 255. 255. 255. 255. 255. 255. 255. 255. 255. 255.
 255. 255. 255. 255. 255. 255. 255. 255. 255. 255. 255. 255. 255. 255.
 255. 255. 255. 255. 255. 255. 255. 255. 255. 255. 255. 255. 255. 255.
 255. 255. 255. 255. 255. 255. 255. 255. 255. 255. 255. 255. 255. 255.
 255. 255. 255. 255. 255. 255. 255. 246.  75.   0.   0.  10. 195. 255.
 255. 204.  19.   1.   1.  76. 248. 252. 255. 255. 255. 253. 247.  69.
   0.   0.   0.   0.   0.   0.  55. 238. 253. 255. 254. 255. 255. 255.
 109.   0.   0.   5. 179. 254. 255. 255. 255. 255. 255. 184.  11.   1.
   1. 107. 251. 255. 255. 255. 255. 255. 239.  63.   0.   0.   0.   0.
   0.   0.  72. 240. 255. 255. 127.   3.   0.   0.   0.   1.   0.   0.
   0.   0.   0.   0.   0.   0.   1.  79. 242. 253. 253. 119.   1.   1.
  10. 164. 255. 255. 221.  40.   0.   0.  58. 231. 255. 255. 255. 255.
 255. 255. 255. 255. 255. 238.  72.   0.   0.   0.   0.   0.   0.  63.
 235. 255. 255. 138.   4.   0.   0.   0.   0.   1.  17. 191. 255. 255.
 255. 255. 255. 255. 255. 255. 255. 254. 132.   1.   1.   6. 151. 255.
 255. 228.  51.   0.   0.  45. 228. 255. 255. 159.   7.   2.   0.   0.
   0.   0.   0.   0.   0.   0.   0.   0.   1.   2.  53. 237. 254. 254.
 155.   0.   0.   1. 137. 255. 255. 238.  63.   0.   0.  32. 221. 255.
 255. 188.   7.   0.   0.  96. 255. 255. 255. 255. 255. 255. 255. 255.
 255. 255. 209.  21.   0.   0.  71. 250. 255. 255. 255. 255. 255. 251.
  91.   0.   0.  10. 195. 252. 254. 255. 255. 255. 255. 165.   1.   1.
   1. 122. 255. 255. 255. 255. 254. 254. 254. 255. 253. 253. 201.  17.
   0.   0.   0.   0.   0.   0.   0.   0.   0.   7. 178. 255. 255. 223.
  31.   0.   0.  62. 236. 255. 255. 255. 255. 255. 254. 101.   0.   0.
   0.   1.   0.   0.   0.   0.   0.   0.  71. 239. 255. 255. 255. 255.
 254. 247.  85.   0.   0.  17. 188. 254. 254. 204.  27.   0.   0.   0.
   0.   0.   1. 120. 254. 255. 255. 255. 255. 255. 222.  40.   1.   0.
   0.   0.   0.   0.  97. 248. 251. 251. 116.   1.   0.   0.   0.   0.
   0.  33. 209. 255. 255. 183.  18.   0.   0.   0.   0.   0.   5. 144.
 254. 255. 255. 255. 255. 254. 214.  33.   0.   0.  68. 238. 255. 255.
 133.   1.   1.   5. 154. 255. 255. 255. 255. 255. 255. 255. 255. 255.
 255. 255. 255. 255. 255. 255. 255. 255. 255. 255. 255. 255. 255. 255.
 255. 255. 255. 255. 255. 255. 255. 255. 255. 255. 255. 255. 255. 255.
 255. 255. 255. 255. 255. 255. 255. 255. 255. 255. 255. 255. 255. 255.
 255. 255. 255. 255. 255. 255. 255. 255. 255. 255. 255. 255. 255. 255.
 255. 255. 255. 255. 255. 255. 255. 255. 255. 255. 255. 255. 255. 255.
 255. 255. 255. 255. 255. 255. 255. 255.][255. 255. 255. 255. 255. 255. 255. 255. 255. 255. 255. 255. 255. 255.
 255. 255. 255. 255. 255. 255. 255. 255. 255. 255. 255. 255. 255. 255.
 255. 255. 255. 255. 255. 255. 255. 255. 255. 255. 255. 255. 255. 255.
 255. 255. 255. 255. 255. 255. 255. 255. 255. 255. 255. 255. 255. 255.
 255. 255. 255. 255. 255. 255. 255. 255. 255. 255. 255. 255. 255. 255.
 255. 255. 255. 255. 255. 255. 255. 255. 255. 255. 255. 255. 255. 255.
 255. 255. 255. 255. 255. 255. 255. 246.  75.   0.   0.  10. 195. 255.
 255. 204.  19.   1.   1.  76. 248. 252. 255. 255. 255. 253. 247.  69.
   0.   0.   0.   0.   0.   0.  55. 238. 253. 255. 254. 255. 255. 255.
 109.   0.   0.   5. 179. 254. 255. 255. 255. 255. 255. 184.  11.   1.
   1. 107. 251. 255. 255. 255. 255. 255. 239.  63.   0.   0.   0.   0.
   0.   0.  72. 240. 255. 255. 127.   3.   0.   0.   0.   1.   0.   0.
   0.   0.   0.   0.   0.   0.   1.  79. 242. 253. 253. 119.   1.   1.
  10. 164. 255. 255. 221.  40.   0.   0.  58. 231. 255. 255. 255. 255.
 255. 255. 255. 255. 255. 238.  72.   0.   0.   0.   0.   0.   0.  63.
 235. 255. 255. 138.   4.   0.   0.   0.   0.   1.  17. 191. 255. 255.
 255. 255. 255. 255. 255. 255. 255. 254. 132.   1.   1.   6. 151. 255.
 255. 228.  51.   0.   0.  45. 228. 255. 255. 159.   7.   2.   0.   0.
   0.   0.   0.   0.   0.   0.   0.   0.   1.   2.  53. 237. 254. 254.
 155.   0.   0.   1. 137. 255. 255. 238.  63.   0.   0.  32. 221. 255.
 255. 188.   7.   0.   0.  96. 255. 255. 255. 255. 255. 255. 255. 255.
 255. 255. 209.  21.   0.   0.  71. 250. 255. 255. 255. 255. 255. 251.
  91.   0.   0.  10. 195. 252. 254. 255. 255. 255. 255. 165.   1.   1.
   1. 122. 255. 255. 255. 255. 254. 254. 254. 255. 253. 253. 201.  17.
   0.   0.   0.   0.   0.   0.   0.   0.   0.   7. 178. 255. 255. 223.
  31.   0.   0.  62. 236. 255. 255. 255. 255. 255. 254. 101.   0.   0.
   0.   1.   0.   0.   0.   0.   0.   0.  71. 239. 255. 255. 255. 255.
 254. 247.  85.   0.   0.  17. 188. 254. 254. 204.  27.   0.   0.   0.
   0.   0.   1. 120. 254. 255. 255. 255. 255. 255. 222.  40.   1.   0.
   0.   0.   0.   0.  97. 248. 251. 251. 116.   1.   0.   0.   0.   0.
   0.  33. 209. 255. 255. 183.  18.   0.   0.   0.   0.   0.   5. 144.
 254. 255. 255. 255. 255. 254. 214.  33.   0.   0.  68. 238. 255. 255.
 133.   1.   1.   5. 154. 255. 255. 255. 255. 255. 255. 255. 255. 255.
 255. 255. 255. 255. 255. 255. 255. 255. 255. 255. 255. 255. 255. 255.
 255. 255. 255. 255. 255. 255. 255. 255. 255. 255. 255. 255. 255. 255.
 255. 255. 255. 255. 255. 255. 255. 255. 255. 255. 255. 255. 255. 255.
 255. 255. 255. 255. 255. 255. 255. 255. 255. 255. 255. 255. 255. 255.
 255. 255. 255. 255. 255. 255. 255. 255. 255. 255. 255. 255. 255. 255.
 255. 255. 255. 255. 255. 255. 255. 255.][255. 255. 255. 255. 255. 255. 255. 255. 255. 255. 255. 255. 255. 255.
 255. 255. 255. 255. 255. 255. 255. 255. 255. 255. 255. 255. 255. 255.
 255. 255. 255. 255. 255. 255. 255. 255. 255. 255. 255. 255. 255. 255.
 255. 255. 255. 255. 255. 255. 255. 255. 255. 255. 255. 255. 255. 255.
 255. 255. 255. 255. 255. 255. 255. 255. 255. 255. 255. 255. 255. 255.
 255. 255. 255. 255. 255. 255. 255. 255. 255. 255. 255. 255. 255. 255.
 255. 255. 255. 255. 255. 255. 255. 246.  75.   0.   0.  10. 195. 255.
 255. 204.  19.   1.   1.  76. 248. 252. 255. 255. 255. 253. 247.  69.
   0.   0.   0.   0.   0.   0.  55. 238. 253. 255. 254. 255. 255. 255.
 109.   0.   0.   5. 179. 254. 255. 255. 255. 255. 255. 184.  11.   1.
   1. 107. 251. 255. 255. 255. 255. 255. 239.  63.   0.   0.   0.   0.
   0.   0.  72. 240. 255. 255. 127.   3.   0.   0.   0.   1.   0.   0.
   0.   0.   0.   0.   0.   0.   1.  79. 242. 253. 253. 119.   1.   1.
  10. 164. 255. 255. 221.  40.   0.   0.  58. 231. 255. 255. 255. 255.
 255. 255. 255. 255. 255. 238.  72.   0.   0.   0.   0.   0.   0.  63.
 235. 255. 255. 138.   4.   0.   0.   0.   0.   1.  17. 191. 255. 255.
 255. 255. 255. 255. 255. 255. 255. 254. 132.   1.   1.   6. 151. 255.
 255. 228.  51.   0.   0.  45. 228. 255. 255. 159.   7.   2.   0.   0.
   0.   0.   0.   0.   0.   0.   0.   0.   1.   2.  53. 237. 254. 254.
 155.   0.   0.   1. 137. 255. 255. 238.  63.   0.   0.  32. 221. 255.
 255. 188.   7.   0.   0.  96. 255. 255. 255. 255. 255. 255. 255. 255.
 255. 255. 209.  21.   0.   0.  71. 250. 255. 255. 255. 255. 255. 251.
  91.   0.   0.  10. 195. 252. 254. 255. 255. 255. 255. 165.   1.   1.
   1. 122. 255. 255. 255. 255. 254. 254. 254. 255. 253. 253. 201.  17.
   0.   0.   0.   0.   0.   0.   0.   0.   0.   7. 178. 255. 255. 223.
  31.   0.   0.  62. 236. 255. 255. 255. 255. 255. 254. 101.   0.   0.
   0.   1.   0.   0.   0.   0.   0.   0.  71. 239. 255. 255. 255. 255.
 254. 247.  85.   0.   0.  17. 188. 254. 254. 204.  27.   0.   0.   0.
   0.   0.   1. 120. 254. 255. 255. 255. 255. 255. 222.  40.   1.   0.
   0.   0.   0.   0.  97. 248. 251. 251. 116.   1.   0.   0.   0.   0.
   0.  33. 209. 255. 255. 183.  18.   0.   0.   0.   0.   0.   5. 144.
 254. 255. 255. 255. 255. 254. 214.  33.   0.   0.  68. 238. 255. 255.
 133.   1.   1.   5. 154. 255. 255. 255. 255. 255. 255. 255. 255. 255.
 255. 255. 255. 255. 255. 255. 255. 255. 255. 255. 255. 255. 255. 255.
 255. 255. 255. 255. 255. 255. 255. 255. 255. 255. 255. 255. 255. 255.
 255. 255. 255. 255. 255. 255. 255. 255. 255. 255. 255. 255. 255. 255.
 255. 255. 255. 255. 255. 255. 255. 255. 255. 255. 255. 255. 255. 255.
 255. 255. 255. 255. 255. 255. 255. 255. 255. 255. 255. 255. 255. 255.
 255. 255. 255. 255. 255. 255. 255. 255.][255. 255. 255. 255. 255. 255. 255. 255. 255. 255. 255. 255. 255. 255.
 255. 255. 255. 255. 255. 255. 255. 255. 255. 255. 255. 255. 255. 255.
 255. 255. 255. 255. 255. 255. 255. 255. 255. 255. 255. 255. 255. 255.
 255. 255. 255. 255. 255. 255. 255. 255. 255. 255. 255. 255. 255. 255.
 255. 255. 255. 255. 255. 255. 255. 255. 255. 255. 255. 255. 255. 255.
 255. 255. 255. 255. 255. 255. 255. 255. 255. 255. 255. 255. 255. 255.
 255. 255. 255. 255. 255. 255. 255. 246.  75.   0.   0.  10. 195. 255.
 255. 204.  19.   1.   1.  76. 248. 252. 255. 255. 255. 253. 247.  69.
   0.   0.   0.   0.   0.   0.  55. 238. 253. 255. 254. 255. 255. 255.
 109.   0.   0.   5. 179. 254. 255. 255. 255. 255. 255. 184.  11.   1.
   1. 107. 251. 255. 255. 255. 255. 255. 239.  63.   0.   0.   0.   0.
   0.   0.  72. 240. 255. 255. 127.   3.   0.   0.   0.   1.   0.   0.
   0.   0.   0.   0.   0.   0.   1.  79. 242. 253. 253. 119.   1.   1.
  10. 164. 255. 255. 221.  40.   0.   0.  58. 231. 255. 255. 255. 255.
 255. 255. 255. 255. 255. 238.  72.   0.   0.   0.   0.   0.   0.  63.
 235. 255. 255. 138.   4.   0.   0.   0.   0.   1.  17. 191. 255. 255.
 255. 255. 255. 255. 255. 255. 255. 254. 132.   1.   1.   6. 151. 255.
 255. 228.  51.   0.   0.  45. 228. 255. 255. 159.   7.   2.   0.   0.
   0.   0.   0.   0.   0.   0.   0.   0.   1.   2.  53. 237. 254. 254.
 155.   0.   0.   1. 137. 255. 255. 238.  63.   0.   0.  32. 221. 255.
 255. 188.   7.   0.   0.  96. 255. 255. 255. 255. 255. 255. 255. 255.
 255. 255. 209.  21.   0.   0.  71. 250. 255. 255. 255. 255. 255. 251.
  91.   0.   0.  10. 195. 252. 254. 255. 255. 255. 255. 165.   1.   1.
   1. 122. 255. 255. 255. 255. 254. 254. 254. 255. 253. 253. 201.  17.
   0.   0.   0.   0.   0.   0.   0.   0.   0.   7. 178. 255. 255. 223.
  31.   0.   0.  62. 236. 255. 255. 255. 255. 255. 254. 101.   0.   0.
   0.   1.   0.   0.   0.   0.   0.   0.  71. 239. 255. 255. 255. 255.
 254. 247.  85.   0.   0.  17. 188. 254. 254. 204.  27.   0.   0.   0.
   0.   0.   1. 120. 254. 255. 255. 255. 255. 255. 222.  40.   1.   0.
   0.   0.   0.   0.  97. 248. 251. 251. 116.   1.   0.   0.   0.   0.
   0.  33. 209. 255. 255. 183.  18.   0.   0.   0.   0.   0.   5. 144.
 254. 255. 255. 255. 255. 254. 214.  33.   0.   0.  68. 238. 255. 255.
 133.   1.   1.   5. 154. 255. 255. 255. 255. 255. 255. 255. 255. 255.
 255. 255. 255. 255. 255. 255. 255. 255. 255. 255. 255. 255. 255. 255.
 255. 255. 255. 255. 255. 255. 255. 255. 255. 255. 255. 255. 255. 255.
 255. 255. 255. 255. 255. 255. 255. 255. 255. 255. 255. 255. 255. 255.
 255. 255. 255. 255. 255. 255. 255. 255. 255. 255. 255. 255. 255. 255.
 255. 255. 255. 255. 255. 255. 255. 255. 255. 255. 255. 255. 255. 255.
 255. 255. 255. 255. 255. 255. 255. 255.][255. 255. 255. 255. 255. 255. 255. 255. 255. 255. 255. 255. 255. 255.
 255. 255. 255. 255. 255. 255. 255. 255. 255. 255. 255. 255. 255. 255.
 255. 255. 255. 255. 255. 255. 255. 255. 255. 255. 255. 255. 255. 255.
 255. 255. 255. 255. 255. 255. 255. 255. 255. 255. 255. 255. 255. 255.
 255. 255. 255. 255. 255. 255. 255. 255. 255. 255. 255. 255. 255. 255.
 255. 255. 255. 255. 255. 255. 255. 255. 255. 255. 255. 255. 255. 255.
 255. 255. 255. 255. 255. 255. 255. 246.  75.   0.   0.  10. 195. 255.
 255. 204.  19.   1.   1.  76. 248. 252. 255. 255. 255. 253. 247.  69.
   0.   0.   0.   0.   0.   0.  55. 238. 253. 255. 254. 255. 255. 255.
 109.   0.   0.   5. 179. 254. 255. 255. 255. 255. 255. 184.  11.   1.
   1. 107. 251. 255. 255. 255. 255. 255. 239.  63.   0.   0.   0.   0.
   0.   0.  72. 240. 255. 255. 127.   3.   0.   0.   0.   1.   0.   0.
   0.   0.   0.   0.   0.   0.   1.  79. 242. 253. 253. 119.   1.   1.
  10. 164. 255. 255. 221.  40.   0.   0.  58. 231. 255. 255. 255. 255.
 255. 255. 255. 255. 255. 238.  72.   0.   0.   0.   0.   0.   0.  63.
 235. 255. 255. 138.   4.   0.   0.   0.   0.   1.  17. 191. 255. 255.
 255. 255. 255. 255. 255. 255. 255. 254. 132.   1.   1.   6. 151. 255.
 255. 228.  51.   0.   0.  45. 228. 255. 255. 159.   7.   2.   0.   0.
   0.   0.   0.   0.   0.   0.   0.   0.   1.   2.  53. 237. 254. 254.
 155.   0.   0.   1. 137. 255. 255. 238.  63.   0.   0.  32. 221. 255.
 255. 188.   7.   0.   0.  96. 255. 255. 255. 255. 255. 255. 255. 255.
 255. 255. 209.  21.   0.   0.  71. 250. 255. 255. 255. 255. 255. 251.
  91.   0.   0.  10. 195. 252. 254. 255. 255. 255. 255. 165.   1.   1.
   1. 122. 255. 255. 255. 255. 254. 254. 254. 255. 253. 253. 201.  17.
   0.   0.   0.   0.   0.   0.   0.   0.   0.   7. 178. 255. 255. 223.
  31.   0.   0.  62. 236. 255. 255. 255. 255. 255. 254. 101.   0.   0.
   0.   1.   0.   0.   0.   0.   0.   0.  71. 239. 255. 255. 255. 255.
 254. 247.  85.   0.   0.  17. 188. 254. 254. 204.  27.   0.   0.   0.
   0.   0.   1. 120. 254. 255. 255. 255. 255. 255. 222.  40.   1.   0.
   0.   0.   0.   0.  97. 248. 251. 251. 116.   1.   0.   0.   0.   0.
   0.  33. 209. 255. 255. 183.  18.   0.   0.   0.   0.   0.   5. 144.
 254. 255. 255. 255. 255. 254. 214.  33.   0.   0.  68. 238. 255. 255.
 133.   1.   1.   5. 154. 255. 255. 255. 255. 255. 255. 255. 255. 255.
 255. 255. 255. 255. 255. 255. 255. 255. 255. 255. 255. 255. 255. 255.
 255. 255. 255. 255. 255. 255. 255. 255. 255. 255. 255. 255. 255. 255.
 255. 255. 255. 255. 255. 255. 255. 255. 255. 255. 255. 255. 255. 255.
 255. 255. 255. 255. 255. 255. 255. 255. 255. 255. 255. 255. 255. 255.
 255. 255. 255. 255. 255. 255. 255. 255. 255. 255. 255. 255. 255. 255.
 255. 255. 255. 255. 255. 255. 255. 255.][255. 255. 255. 255. 255. 255. 255. 255. 255. 255. 255. 255. 255. 255.
 255. 255. 255. 255. 255. 255. 255. 255. 255. 255. 255. 255. 255. 255.
 255. 255. 255. 255. 255. 255. 255. 255. 255. 255. 255. 255. 255. 255.
 255. 255. 255. 255. 255. 255. 255. 255. 255. 255. 255. 255. 255. 255.
 255. 255. 255. 255. 255. 255. 255. 255. 255. 255. 255. 255. 255. 255.
 255. 255. 255. 255. 255. 255. 255. 255. 255. 255. 255. 255. 255. 255.
 255. 255. 255. 255. 255. 255. 255. 246.  75.   0.   0.  10. 195. 255.
 255. 204.  19.   1.   1.  76. 248. 252. 255. 255. 255. 253. 247.  69.
   0.   0.   0.   0.   0.   0.  55. 238. 253. 255. 254. 255. 255. 255.
 109.   0.   0.   5. 179. 254. 255. 255. 255. 255. 255. 184.  11.   1.
   1. 107. 251. 255. 255. 255. 255. 255. 239.  63.   0.   0.   0.   0.
   0.   0.  72. 240. 255. 255. 127.   3.   0.   0.   0.   1.   0.   0.
   0.   0.   0.   0.   0.   0.   1.  79. 242. 253. 253. 119.   1.   1.
  10. 164. 255. 255. 221.  40.   0.   0.  58. 231. 255. 255. 255. 255.
 255. 255. 255. 255. 255. 238.  72.   0.   0.   0.   0.   0.   0.  63.
 235. 255. 255. 138.   4.   0.   0.   0.   0.   1.  17. 191. 255. 255.
 255. 255. 255. 255. 255. 255. 255. 254. 132.   1.   1.   6. 151. 255.
 255. 228.  51.   0.   0.  45. 228. 255. 255. 159.   7.   2.   0.   0.
   0.   0.   0.   0.   0.   0.   0.   0.   1.   2.  53. 237. 254. 254.
 155.   0.   0.   1. 137. 255. 255. 238.  63.   0.   0.  32. 221. 255.
 255. 188.   7.   0.   0.  96. 255. 255. 255. 255. 255. 255. 255. 255.
 255. 255. 209.  21.   0.   0.  71. 250. 255. 255. 255. 255. 255. 251.
  91.   0.   0.  10. 195. 252. 254. 255. 255. 255. 255. 165.   1.   1.
   1. 122. 255. 255. 255. 255. 254. 254. 254. 255. 253. 253. 201.  17.
   0.   0.   0.   0.   0.   0.   0.   0.   0.   7. 178. 255. 255. 223.
  31.   0.   0.  62. 236. 255. 255. 255. 255. 255. 254. 101.   0.   0.
   0.   1.   0.   0.   0.   0.   0.   0.  71. 239. 255. 255. 255. 255.
 254. 247.  85.   0.   0.  17. 188. 254. 254. 204.  27.   0.   0.   0.
   0.   0.   1. 120. 254. 255. 255. 255. 255. 255. 222.  40.   1.   0.
   0.   0.   0.   0.  97. 248. 251. 251. 116.   1.   0.   0.   0.   0.
   0.  33. 209. 255. 255. 183.  18.   0.   0.   0.   0.   0.   5. 144.
 254. 255. 255. 255. 255. 254. 214.  33.   0.   0.  68. 238. 255. 255.
 133.   1.   1.   5. 154. 255. 255. 255. 255. 255. 255. 255. 255. 255.
 255. 255. 255. 255. 255. 255. 255. 255. 255. 255. 255. 255. 255. 255.
 255. 255. 255. 255. 255. 255. 255. 255. 255. 255. 255. 255. 255. 255.
 255. 255. 255. 255. 255. 255. 255. 255. 255. 255. 255. 255. 255. 255.
 255. 255. 255. 255. 255. 255. 255. 255. 255. 255. 255. 255. 255. 255.
 255. 255. 255. 255. 255. 255. 255. 255. 255. 255. 255. 255. 255. 255.
 255. 255. 255. 255. 255. 255. 255. 255.][255. 255. 255. 255. 255. 255. 255. 255. 255. 255. 255. 255. 255. 255.
 255. 255. 255. 255. 255. 255. 255. 255. 255. 255. 255. 255. 255. 255.
 255. 255. 255. 255. 255. 255. 255. 255. 255. 255. 255. 255. 255. 255.
 255. 255. 255. 255. 255. 255. 255. 255. 255. 255. 255. 255. 255. 255.
 255. 255. 255. 255. 255. 255. 255. 255. 255. 255. 255. 255. 255. 255.
 255. 255. 255. 255. 255. 255. 255. 255. 255. 255. 255. 255. 255. 255.
 255. 255. 255. 255. 255. 255. 255. 246.  75.   0.   0.  10. 195. 255.
 255. 204.  19.   1.   1.  76. 248. 252. 255. 255. 255. 253. 247.  69.
   0.   0.   0.   0.   0.   0.  55. 238. 253. 255. 254. 255. 255. 255.
 109.   0.   0.   5. 179. 254. 255. 255. 255. 255. 255. 184.  11.   1.
   1. 107. 251. 255. 255. 255. 255. 255. 239.  63.   0.   0.   0.   0.
   0.   0.  72. 240. 255. 255. 127.   3.   0.   0.   0.   1.   0.   0.
   0.   0.   0.   0.   0.   0.   1.  79. 242. 253. 253. 119.   1.   1.
  10. 164. 255. 255. 221.  40.   0.   0.  58. 231. 255. 255. 255. 255.
 255. 255. 255. 255. 255. 238.  72.   0.   0.   0.   0.   0.   0.  63.
 235. 255. 255. 138.   4.   0.   0.   0.   0.   1.  17. 191. 255. 255.
 255. 255. 255. 255. 255. 255. 255. 254. 132.   1.   1.   6. 151. 255.
 255. 228.  51.   0.   0.  45. 228. 255. 255. 159.   7.   2.   0.   0.
   0.   0.   0.   0.   0.   0.   0.   0.   1.   2.  53. 237. 254. 254.
 155.   0.   0.   1. 137. 255. 255. 238.  63.   0.   0.  32. 221. 255.
 255. 188.   7.   0.   0.  96. 255. 255. 255. 255. 255. 255. 255. 255.
 255. 255. 209.  21.   0.   0.  71. 250. 255. 255. 255. 255. 255. 251.
  91.   0.   0.  10. 195. 252. 254. 255. 255. 255. 255. 165.   1.   1.
   1. 122. 255. 255. 255. 255. 254. 254. 254. 255. 253. 253. 201.  17.
   0.   0.   0.   0.   0.   0.   0.   0.   0.   7. 178. 255. 255. 223.
  31.   0.   0.  62. 236. 255. 255. 255. 255. 255. 254. 101.   0.   0.
   0.   1.   0.   0.   0.   0.   0.   0.  71. 239. 255. 255. 255. 255.
 254. 247.  85.   0.   0.  17. 188. 254. 254. 204.  27.   0.   0.   0.
   0.   0.   1. 120. 254. 255. 255. 255. 255. 255. 222.  40.   1.   0.
   0.   0.   0.   0.  97. 248. 251. 251. 116.   1.   0.   0.   0.   0.
   0.  33. 209. 255. 255. 183.  18.   0.   0.   0.   0.   0.   5. 144.
 254. 255. 255. 255. 255. 254. 214.  33.   0.   0.  68. 238. 255. 255.
 133.   1.   1.   5. 154. 255. 255. 255. 255. 255. 255. 255. 255. 255.
 255. 255. 255. 255. 255. 255. 255. 255. 255. 255. 255. 255. 255. 255.
 255. 255. 255. 255. 255. 255. 255. 255. 255. 255. 255. 255. 255. 255.
 255. 255. 255. 255. 255. 255. 255. 255. 255. 255. 255. 255. 255. 255.
 255. 255. 255. 255. 255. 255. 255. 255. 255. 255. 255. 255. 255. 255.
 255. 255. 255. 255. 255. 255. 255. 255. 255. 255. 255. 255. 255. 255.
 255. 255. 255. 255. 255. 255. 255. 255.][255. 255. 255. 255. 255. 255. 255. 255. 255. 255. 255. 255. 255. 255.
 255. 255. 255. 255. 255. 255. 255. 255. 255. 255. 255. 255. 255. 255.
 255. 255. 255. 255. 255. 255. 255. 255. 255. 255. 255. 255. 255. 255.
 255. 255. 255. 255. 255. 255. 255. 255. 255. 255. 255. 255. 255. 255.
 255. 255. 255. 255. 255. 255. 255. 255. 255. 255. 255. 255. 255. 255.
 255. 255. 255. 255. 255. 255. 255. 255. 255. 255. 255. 255. 255. 255.
 255. 255. 255. 255. 255. 255. 255. 246.  75.   0.   0.  10. 195. 255.
 255. 204.  19.   1.   1.  76. 248. 252. 255. 255. 255. 253. 247.  69.
   0.   0.   0.   0.   0.   0.  55. 238. 253. 255. 254. 255. 255. 255.
 109.   0.   0.   5. 179. 254. 255. 255. 255. 255. 255. 184.  11.   1.
   1. 107. 251. 255. 255. 255. 255. 255. 239.  63.   0.   0.   0.   0.
   0.   0.  72. 240. 255. 255. 127.   3.   0.   0.   0.   1.   0.   0.
   0.   0.   0.   0.   0.   0.   1.  79. 242. 253. 253. 119.   1.   1.
  10. 164. 255. 255. 221.  40.   0.   0.  58. 231. 255. 255. 255. 255.
 255. 255. 255. 255. 255. 238.  72.   0.   0.   0.   0.   0.   0.  63.
 235. 255. 255. 138.   4.   0.   0.   0.   0.   1.  17. 191. 255. 255.
 255. 255. 255. 255. 255. 255. 255. 254. 132.   1.   1.   6. 151. 255.
 255. 228.  51.   0.   0.  45. 228. 255. 255. 159.   7.   2.   0.   0.
   0.   0.   0.   0.   0.   0.   0.   0.   1.   2.  53. 237. 254. 254.
 155.   0.   0.   1. 137. 255. 255. 238.  63.   0.   0.  32. 221. 255.
 255. 188.   7.   0.   0.  96. 255. 255. 255. 255. 255. 255. 255. 255.
 255. 255. 209.  21.   0.   0.  71. 250. 255. 255. 255. 255. 255. 251.
  91.   0.   0.  10. 195. 252. 254. 255. 255. 255. 255. 165.   1.   1.
   1. 122. 255. 255. 255. 255. 254. 254. 254. 255. 253. 253. 201.  17.
   0.   0.   0.   0.   0.   0.   0.   0.   0.   7. 178. 255. 255. 223.
  31.   0.   0.  62. 236. 255. 255. 255. 255. 255. 254. 101.   0.   0.
   0.   1.   0.   0.   0.   0.   0.   0.  71. 239. 255. 255. 255. 255.
 254. 247.  85.   0.   0.  17. 188. 254. 254. 204.  27.   0.   0.   0.
   0.   0.   1. 120. 254. 255. 255. 255. 255. 255. 222.  40.   1.   0.
   0.   0.   0.   0.  97. 248. 251. 251. 116.   1.   0.   0.   0.   0.
   0.  33. 209. 255. 255. 183.  18.   0.   0.   0.   0.   0.   5. 144.
 254. 255. 255. 255. 255. 254. 214.  33.   0.   0.  68. 238. 255. 255.
 133.   1.   1.   5. 154. 255. 255. 255. 255. 255. 255. 255. 255. 255.
 255. 255. 255. 255. 255. 255. 255. 255. 255. 255. 255. 255. 255. 255.
 255. 255. 255. 255. 255. 255. 255. 255. 255. 255. 255. 255. 255. 255.
 255. 255. 255. 255. 255. 255. 255. 255. 255. 255. 255. 255. 255. 255.
 255. 255. 255. 255. 255. 255. 255. 255. 255. 255. 255. 255. 255. 255.
 255. 255. 255. 255. 255. 255. 255. 255. 255. 255. 255. 255. 255. 255.
 255. 255. 255. 255. 255. 255. 255. 255.][255. 255. 255. 255. 255. 255. 255. 255. 255. 255. 255. 255. 255. 255.
 255. 255. 255. 255. 255. 255. 255. 255. 255. 255. 255. 255. 255. 255.
 255. 255. 255. 255. 255. 255. 255. 255. 255. 255. 255. 255. 255. 255.
 255. 255. 255. 255. 255. 255. 255. 255. 255. 255. 255. 255. 255. 255.
 255. 255. 255. 255. 255. 255. 255. 255. 255. 255. 255. 255. 255. 255.
 255. 255. 255. 255. 255. 255. 255. 255. 255. 255. 255. 255. 255. 255.
 255. 255. 255. 255. 255. 255. 255. 246.  75.   0.   0.  10. 195. 255.
 255. 204.  19.   1.   1.  76. 248. 252. 255. 255. 255. 253. 247.  69.
   0.   0.   0.   0.   0.   0.  55. 238. 253. 255. 254. 255. 255. 255.
 109.   0.   0.   5. 179. 254. 255. 255. 255. 255. 255. 184.  11.   1.
   1. 107. 251. 255. 255. 255. 255. 255. 239.  63.   0.   0.   0.   0.
   0.   0.  72. 240. 255. 255. 127.   3.   0.   0.   0.   1.   0.   0.
   0.   0.   0.   0.   0.   0.   1.  79. 242. 253. 253. 119.   1.   1.
  10. 164. 255. 255. 221.  40.   0.   0.  58. 231. 255. 255. 255. 255.
 255. 255. 255. 255. 255. 238.  72.   0.   0.   0.   0.   0.   0.  63.
 235. 255. 255. 138.   4.   0.   0.   0.   0.   1.  17. 191. 255. 255.
 255. 255. 255. 255. 255. 255. 255. 254. 132.   1.   1.   6. 151. 255.
 255. 228.  51.   0.   0.  45. 228. 255. 255. 159.   7.   2.   0.   0.
   0.   0.   0.   0.   0.   0.   0.   0.   1.   2.  53. 237. 254. 254.
 155.   0.   0.   1. 137. 255. 255. 238.  63.   0.   0.  32. 221. 255.
 255. 188.   7.   0.   0.  96. 255. 255. 255. 255. 255. 255. 255. 255.
 255. 255. 209.  21.   0.   0.  71. 250. 255. 255. 255. 255. 255. 251.
  91.   0.   0.  10. 195. 252. 254. 255. 255. 255. 255. 165.   1.   1.
   1. 122. 255. 255. 255. 255. 254. 254. 254. 255. 253. 253. 201.  17.
   0.   0.   0.   0.   0.   0.   0.   0.   0.   7. 178. 255. 255. 223.
  31.   0.   0.  62. 236. 255. 255. 255. 255. 255. 254. 101.   0.   0.
   0.   1.   0.   0.   0.   0.   0.   0.  71. 239. 255. 255. 255. 255.
 254. 247.  85.   0.   0.  17. 188. 254. 254. 204.  27.   0.   0.   0.
   0.   0.   1. 120. 254. 255. 255. 255. 255. 255. 222.  40.   1.   0.
   0.   0.   0.   0.  97. 248. 251. 251. 116.   1.   0.   0.   0.   0.
   0.  33. 209. 255. 255. 183.  18.   0.   0.   0.   0.   0.   5. 144.
 254. 255. 255. 255. 255. 254. 214.  33.   0.   0.  68. 238. 255. 255.
 133.   1.   1.   5. 154. 255. 255. 255. 255. 255. 255. 255. 255. 255.
 255. 255. 255. 255. 255. 255. 255. 255. 255. 255. 255. 255. 255. 255.
 255. 255. 255. 255. 255. 255. 255. 255. 255. 255. 255. 255. 255. 255.
 255. 255. 255. 255. 255. 255. 255. 255. 255. 255. 255. 255. 255. 255.
 255. 255. 255. 255. 255. 255. 255. 255. 255. 255. 255. 255. 255. 255.
 255. 255. 255. 255. 255. 255. 255. 255. 255. 255. 255. 255. 255. 255.
 255. 255. 255. 255. 255. 255. 255. 255.][2.55000000e+02 2.55000000e+02 2.55000000e+02 2.55000000e+02
 2.55000000e+02 2.55000000e+02 2.55000000e+02 2.55000000e+02
 2.55000000e+02 2.55000000e+02 2.55000000e+02 2.55000000e+02
 2.55000000e+02 2.55000000e+02 2.55000000e+02 2.55000000e+02
 2.55000000e+02 2.55000000e+02 2.55000000e+02 2.55000000e+02
 2.55000000e+02 2.55000000e+02 2.55000000e+02 2.55000000e+02
 2.55000000e+02 2.55000000e+02 2.55000000e+02 2.55000000e+02
 2.55000000e+02 2.55000000e+02 2.55000000e+02 2.55000000e+02
 0.00000000e+00 0.00000000e+00 0.00000000e+00 1.00000000e+00
 2.54000000e+02 2.55000000e+02 2.55000000e+02 2.55000000e+02
 0.00000000e+00 0.00000000e+00 0.00000000e+00 1.00000000e+00
 2.54000000e+02 2.55000000e+02 2.55000000e+02 2.55000000e+02
 2.55000000e+02 2.55000000e+02 2.55000000e+02 2.55000000e+02
 2.55000000e+02 2.55000000e+02 2.55000000e+02 2.55000000e+02
 1.00000000e+00 1.00000000e+00 1.00000000e+00 1.00000000e+00
 1.00000000e+00 0.00000000e+00 0.00000000e+00 0.00000000e+00
 2.54968750e+02 2.55000000e+02 2.55000000e+02 2.54015625e+02
 9.84375000e-01 0.00000000e+00 0.00000000e+00 1.56250000e-02
 2.54953125e+02 2.55000000e+02 2.55000000e+02 2.53984375e+02
 1.00000000e+00 0.00000000e+00 0.00000000e+00 0.00000000e+00
 1.00000000e+00 1.00000000e+00 9.84375000e-01 1.00000000e+00
 2.54000000e+02 2.55000000e+02 2.55000000e+02 2.55000000e+02
 2.55000000e+02 2.55000000e+02 2.55000000e+02 2.55000000e+02
 2.55000000e+02 2.55000000e+02 2.55000000e+02 2.54984375e+02
 1.56250000e-02 0.00000000e+00 0.00000000e+00 1.00000000e+00
 2.55000000e+02 2.55000000e+02 2.55000000e+02 2.53968750e+02
 2.54000000e+02 2.54015625e+02 2.54015625e+02 2.54000000e+02
 1.01562500e+00 1.56250000e-02 0.00000000e+00 0.00000000e+00
 1.00000000e+00 1.00000000e+00 0.00000000e+00 0.00000000e+00
 2.54000000e+02 2.55000000e+02 2.54968750e+02 2.54000000e+02
 2.54000000e+02 2.54000000e+02 2.55000000e+02 2.55000000e+02
 1.00000000e+00 0.00000000e+00 0.00000000e+00 1.00000000e+00
 2.54984375e+02 2.55000000e+02 2.54000000e+02 2.54000000e+02
 2.54000000e+02 2.55000000e+02 2.55000000e+02 2.54000000e+02
 2.54000000e+02 2.54015625e+02 2.54015625e+02 2.54000000e+02
 1.01562500e+00 1.56250000e-02 0.00000000e+00 0.00000000e+00
 1.00000000e+00 1.00000000e+00 1.00000000e+00 1.00000000e+00
 2.54000000e+02 2.55000000e+02 2.55000000e+02 2.55000000e+02
 1.56250000e-02 0.00000000e+00 0.00000000e+00 1.00000000e+00
 2.53984375e+02 2.55000000e+02 2.55000000e+02 2.55000000e+02
 2.55000000e+02 2.55000000e+02 2.55000000e+02 2.55000000e+02
 2.55000000e+02 2.55000000e+02 2.55000000e+02 2.55000000e+02
 1.00000000e+00 1.00000000e+00 1.00000000e+00 1.00000000e+00
 1.00000000e+00 3.12500000e-02 1.56250000e-02 1.56250000e-02
 2.54968750e+02 2.55000000e+02 2.54984375e+02 2.53984375e+02
 0.00000000e+00 0.00000000e+00 0.00000000e+00 1.01562500e+00
 2.54984375e+02 2.55000000e+02 2.54000000e+02 2.54000000e+02
 2.54000000e+02 2.55000000e+02 2.55000000e+02 2.54000000e+02
 2.54000000e+02 2.54015625e+02 2.54015625e+02 2.54000000e+02
 1.01562500e+00 1.56250000e-02 0.00000000e+00 0.00000000e+00
 1.00000000e+00 1.00000000e+00 1.00000000e+00 1.00000000e+00
 2.54000000e+02 2.55000000e+02 2.55000000e+02 2.55000000e+02
 1.56250000e-02 0.00000000e+00 0.00000000e+00 1.00000000e+00
 2.53984375e+02 2.55000000e+02 2.55000000e+02 2.55000000e+02
 0.00000000e+00 0.00000000e+00 0.00000000e+00 1.00000000e+00
 2.54000000e+02 2.55000000e+02 2.55000000e+02 2.55000000e+02
 1.56250000e-02 0.00000000e+00 0.00000000e+00 9.84375000e-01
 2.55000000e+02 2.55000000e+02 2.55000000e+02 2.54000000e+02
 1.00000000e+00 9.68750000e-01 1.00000000e+00 1.00000000e+00
 1.00000000e+00 3.12500000e-02 0.00000000e+00 0.00000000e+00
 9.84375000e-01 1.00000000e+00 0.00000000e+00 0.00000000e+00
 2.54000000e+02 2.55000000e+02 2.54968750e+02 2.54000000e+02
 2.54000000e+02 2.54000000e+02 2.54015625e+02 2.54000000e+02
 1.00000000e+00 0.00000000e+00 0.00000000e+00 1.56250000e-02
 2.55000000e+02 2.55000000e+02 2.55000000e+02 2.54000000e+02
 1.00000000e+00 1.56250000e-02 0.00000000e+00 0.00000000e+00
 9.84375000e-01 1.00000000e+00 0.00000000e+00 0.00000000e+00
 2.54000000e+02 2.55000000e+02 2.54968750e+02 2.54000000e+02
 2.54000000e+02 2.54015625e+02 2.54015625e+02 2.54000000e+02
 1.01562500e+00 1.56250000e-02 0.00000000e+00 0.00000000e+00
 1.00000000e+00 1.00000000e+00 1.56250000e-02 1.56250000e-02
 2.54000000e+02 2.54984375e+02 2.54984375e+02 2.54000000e+02
 1.00000000e+00 1.00000000e+00 1.00000000e+00 1.00000000e+00
 1.00000000e+00 3.12500000e-02 1.56250000e-02 1.56250000e-02
 2.55000000e+02 2.55000000e+02 2.55000000e+02 2.54000000e+02
 1.00000000e+00 1.56250000e-02 0.00000000e+00 0.00000000e+00
 9.84375000e-01 1.00000000e+00 0.00000000e+00 0.00000000e+00
 2.54000000e+02 2.55000000e+02 2.54968750e+02 2.54000000e+02
 2.54000000e+02 2.54000000e+02 2.55000000e+02 2.55000000e+02
 1.00000000e+00 0.00000000e+00 0.00000000e+00 1.00000000e+00
 2.55000000e+02 2.55000000e+02 2.54000000e+02 2.54000000e+02
 2.54000000e+02 2.54984375e+02 2.55000000e+02 2.53984375e+02
 1.00000000e+00 9.68750000e-01 1.00000000e+00 1.00000000e+00
 1.00000000e+00 3.12500000e-02 0.00000000e+00 0.00000000e+00
 1.00000000e+00 1.00000000e+00 1.56250000e-02 1.56250000e-02
 2.54000000e+02 2.54984375e+02 2.54984375e+02 2.54000000e+02
 1.56250000e-02 0.00000000e+00 9.84375000e-01 9.84375000e-01
 0.00000000e+00 0.00000000e+00 0.00000000e+00 1.00000000e+00
 2.55000000e+02 2.55000000e+02 2.54000000e+02 2.54000000e+02
 2.54000000e+02 2.54984375e+02 2.55000000e+02 2.53984375e+02
 1.00000000e+00 9.84375000e-01 1.00000000e+00 1.00000000e+00
 9.84375000e-01 0.00000000e+00 0.00000000e+00 0.00000000e+00
 2.55000000e+02 2.55000000e+02 2.55000000e+02 2.54000000e+02
 4.68750000e-02 0.00000000e+00 0.00000000e+00 1.00000000e+00
 2.55000000e+02 2.55000000e+02 2.54000000e+02 2.54000000e+02
 2.54000000e+02 2.55000000e+02 2.55000000e+02 2.54000000e+02
 2.54000000e+02 2.54000000e+02 2.55000000e+02 2.55000000e+02
 1.00000000e+00 0.00000000e+00 0.00000000e+00 1.00000000e+00
 2.54000000e+02 2.55000000e+02 2.55000000e+02 2.54000000e+02
 2.54000000e+02 2.55000000e+02 2.55000000e+02 2.55000000e+02
 0.00000000e+00 0.00000000e+00 0.00000000e+00 1.00000000e+00
 2.54000000e+02 2.55000000e+02 2.55000000e+02 2.55000000e+02
 0.00000000e+00 0.00000000e+00 0.00000000e+00 1.00000000e+00
 2.54000000e+02 2.55000000e+02 2.55000000e+02 2.55000000e+02
 2.55000000e+02 2.55000000e+02 2.55000000e+02 2.55000000e+02
 2.55000000e+02 2.55000000e+02 2.55000000e+02 2.55000000e+02
 2.55000000e+02 2.55000000e+02 2.55000000e+02 2.55000000e+02
 2.55000000e+02 2.55000000e+02 2.55000000e+02 2.55000000e+02
 2.55000000e+02 2.55000000e+02 2.55000000e+02 2.55000000e+02
 2.55000000e+02 2.55000000e+02 2.55000000e+02 2.55000000e+02
 2.55000000e+02 2.55000000e+02][2.55000000e+02 2.55000000e+02 2.55000000e+02 2.55000000e+02
 2.55000000e+02 2.55000000e+02 2.55000000e+02 2.55000000e+02
 2.55000000e+02 2.55000000e+02 2.55000000e+02 2.55000000e+02
 2.55000000e+02 2.55000000e+02 2.55000000e+02 2.55000000e+02
 2.55000000e+02 2.55000000e+02 2.55000000e+02 2.55000000e+02
 2.55000000e+02 2.55000000e+02 2.55000000e+02 2.55000000e+02
 2.55000000e+02 2.55000000e+02 2.55000000e+02 2.55000000e+02
 2.55000000e+02 2.55000000e+02 2.55000000e+02 2.55000000e+02
 0.00000000e+00 0.00000000e+00 0.00000000e+00 1.00000000e+00
 2.54000000e+02 2.55000000e+02 2.55000000e+02 2.55000000e+02
 0.00000000e+00 0.00000000e+00 0.00000000e+00 1.00000000e+00
 2.54000000e+02 2.55000000e+02 2.55000000e+02 2.55000000e+02
 2.55000000e+02 2.55000000e+02 2.55000000e+02 2.55000000e+02
 2.55000000e+02 2.55000000e+02 2.55000000e+02 2.55000000e+02
 1.00000000e+00 1.00000000e+00 1.00000000e+00 1.00000000e+00
 1.00000000e+00 0.00000000e+00 0.00000000e+00 0.00000000e+00
 2.54968750e+02 2.55000000e+02 2.55000000e+02 2.54015625e+02
 9.84375000e-01 0.00000000e+00 0.00000000e+00 1.56250000e-02
 2.54953125e+02 2.55000000e+02 2.55000000e+02 2.53984375e+02
 1.00000000e+00 0.00000000e+00 0.00000000e+00 0.00000000e+00
 1.00000000e+00 1.00000000e+00 9.84375000e-01 1.00000000e+00
 2.54000000e+02 2.55000000e+02 2.55000000e+02 2.55000000e+02
 2.55000000e+02 2.55000000e+02 2.55000000e+02 2.55000000e+02
 2.55000000e+02 2.55000000e+02 2.55000000e+02 2.54984375e+02
 1.56250000e-02 0.00000000e+00 0.00000000e+00 1.00000000e+00
 2.55000000e+02 2.55000000e+02 2.55000000e+02 2.53968750e+02
 2.54000000e+02 2.54015625e+02 2.54015625e+02 2.54000000e+02
 1.01562500e+00 1.56250000e-02 0.00000000e+00 0.00000000e+00
 1.00000000e+00 1.00000000e+00 0.00000000e+00 0.00000000e+00
 2.54000000e+02 2.55000000e+02 2.54968750e+02 2.54000000e+02
 2.54000000e+02 2.54000000e+02 2.55000000e+02 2.55000000e+02
 1.00000000e+00 0.00000000e+00 0.00000000e+00 1.00000000e+00
 2.54984375e+02 2.55000000e+02 2.54000000e+02 2.54000000e+02
 2.54000000e+02 2.55000000e+02 2.55000000e+02 2.54000000e+02
 2.54000000e+02 2.54015625e+02 2.54015625e+02 2.54000000e+02
 1.01562500e+00 1.56250000e-02 0.00000000e+00 0.00000000e+00
 1.00000000e+00 1.00000000e+00 1.00000000e+00 1.00000000e+00
 2.54000000e+02 2.55000000e+02 2.55000000e+02 2.55000000e+02
 1.56250000e-02 0.00000000e+00 0.00000000e+00 1.00000000e+00
 2.53984375e+02 2.55000000e+02 2.55000000e+02 2.55000000e+02
 2.55000000e+02 2.55000000e+02 2.55000000e+02 2.55000000e+02
 2.55000000e+02 2.55000000e+02 2.55000000e+02 2.55000000e+02
 1.00000000e+00 1.00000000e+00 1.00000000e+00 1.00000000e+00
 1.00000000e+00 3.12500000e-02 1.56250000e-02 1.56250000e-02
 2.54968750e+02 2.55000000e+02 2.54984375e+02 2.53984375e+02
 0.00000000e+00 0.00000000e+00 0.00000000e+00 1.01562500e+00
 2.54984375e+02 2.55000000e+02 2.54000000e+02 2.54000000e+02
 2.54000000e+02 2.55000000e+02 2.55000000e+02 2.54000000e+02
 2.54000000e+02 2.54015625e+02 2.54015625e+02 2.54000000e+02
 1.01562500e+00 1.56250000e-02 0.00000000e+00 0.00000000e+00
 1.00000000e+00 1.00000000e+00 1.00000000e+00 1.00000000e+00
 2.54000000e+02 2.55000000e+02 2.55000000e+02 2.55000000e+02
 1.56250000e-02 0.00000000e+00 0.00000000e+00 1.00000000e+00
 2.53984375e+02 2.55000000e+02 2.55000000e+02 2.55000000e+02
 0.00000000e+00 0.00000000e+00 0.00000000e+00 1.00000000e+00
 2.54000000e+02 2.55000000e+02 2.55000000e+02 2.55000000e+02
 1.56250000e-02 0.00000000e+00 0.00000000e+00 9.84375000e-01
 2.55000000e+02 2.55000000e+02 2.55000000e+02 2.54000000e+02
 1.00000000e+00 9.68750000e-01 1.00000000e+00 1.00000000e+00
 1.00000000e+00 3.12500000e-02 0.00000000e+00 0.00000000e+00
 9.84375000e-01 1.00000000e+00 0.00000000e+00 0.00000000e+00
 2.54000000e+02 2.55000000e+02 2.54968750e+02 2.54000000e+02
 2.54000000e+02 2.54000000e+02 2.54015625e+02 2.54000000e+02
 1.00000000e+00 0.00000000e+00 0.00000000e+00 1.56250000e-02
 2.55000000e+02 2.55000000e+02 2.55000000e+02 2.54000000e+02
 1.00000000e+00 1.56250000e-02 0.00000000e+00 0.00000000e+00
 9.84375000e-01 1.00000000e+00 0.00000000e+00 0.00000000e+00
 2.54000000e+02 2.55000000e+02 2.54968750e+02 2.54000000e+02
 2.54000000e+02 2.54015625e+02 2.54015625e+02 2.54000000e+02
 1.01562500e+00 1.56250000e-02 0.00000000e+00 0.00000000e+00
 1.00000000e+00 1.00000000e+00 1.56250000e-02 1.56250000e-02
 2.54000000e+02 2.54984375e+02 2.54984375e+02 2.54000000e+02
 1.00000000e+00 1.00000000e+00 1.00000000e+00 1.00000000e+00
 1.00000000e+00 3.12500000e-02 1.56250000e-02 1.56250000e-02
 2.55000000e+02 2.55000000e+02 2.55000000e+02 2.54000000e+02
 1.00000000e+00 1.56250000e-02 0.00000000e+00 0.00000000e+00
 9.84375000e-01 1.00000000e+00 0.00000000e+00 0.00000000e+00
 2.54000000e+02 2.55000000e+02 2.54968750e+02 2.54000000e+02
 2.54000000e+02 2.54000000e+02 2.55000000e+02 2.55000000e+02
 1.00000000e+00 0.00000000e+00 0.00000000e+00 1.00000000e+00
 2.55000000e+02 2.55000000e+02 2.54000000e+02 2.54000000e+02
 2.54000000e+02 2.54984375e+02 2.55000000e+02 2.53984375e+02
 1.00000000e+00 9.68750000e-01 1.00000000e+00 1.00000000e+00
 1.00000000e+00 3.12500000e-02 0.00000000e+00 0.00000000e+00
 1.00000000e+00 1.00000000e+00 1.56250000e-02 1.56250000e-02
 2.54000000e+02 2.54984375e+02 2.54984375e+02 2.54000000e+02
 1.56250000e-02 0.00000000e+00 9.84375000e-01 9.84375000e-01
 0.00000000e+00 0.00000000e+00 0.00000000e+00 1.00000000e+00
 2.55000000e+02 2.55000000e+02 2.54000000e+02 2.54000000e+02
 2.54000000e+02 2.54984375e+02 2.55000000e+02 2.53984375e+02
 1.00000000e+00 9.84375000e-01 1.00000000e+00 1.00000000e+00
 9.84375000e-01 0.00000000e+00 0.00000000e+00 0.00000000e+00
 2.55000000e+02 2.55000000e+02 2.55000000e+02 2.54000000e+02
 4.68750000e-02 0.00000000e+00 0.00000000e+00 1.00000000e+00
 2.55000000e+02 2.55000000e+02 2.54000000e+02 2.54000000e+02
 2.54000000e+02 2.55000000e+02 2.55000000e+02 2.54000000e+02
 2.54000000e+02 2.54000000e+02 2.55000000e+02 2.55000000e+02
 1.00000000e+00 0.00000000e+00 0.00000000e+00 1.00000000e+00
 2.54000000e+02 2.55000000e+02 2.55000000e+02 2.54000000e+02
 2.54000000e+02 2.55000000e+02 2.55000000e+02 2.55000000e+02
 0.00000000e+00 0.00000000e+00 0.00000000e+00 1.00000000e+00
 2.54000000e+02 2.55000000e+02 2.55000000e+02 2.55000000e+02
 0.00000000e+00 0.00000000e+00 0.00000000e+00 1.00000000e+00
 2.54000000e+02 2.55000000e+02 2.55000000e+02 2.55000000e+02
 2.55000000e+02 2.55000000e+02 2.55000000e+02 2.55000000e+02
 2.55000000e+02 2.55000000e+02 2.55000000e+02 2.55000000e+02
 2.55000000e+02 2.55000000e+02 2.55000000e+02 2.55000000e+02
 2.55000000e+02 2.55000000e+02 2.55000000e+02 2.55000000e+02
 2.55000000e+02 2.55000000e+02 2.55000000e+02 2.55000000e+02
 2.55000000e+02 2.55000000e+02 2.55000000e+02 2.55000000e+02
 2.55000000e+02 2.55000000e+02][2.55000000e+02 2.55000000e+02 2.55000000e+02 2.55000000e+02
 2.55000000e+02 2.55000000e+02 2.55000000e+02 2.55000000e+02
 2.55000000e+02 2.55000000e+02 2.55000000e+02 2.55000000e+02
 2.55000000e+02 2.55000000e+02 2.55000000e+02 2.55000000e+02
 2.55000000e+02 2.55000000e+02 2.55000000e+02 2.55000000e+02
 2.55000000e+02 2.55000000e+02 2.55000000e+02 2.55000000e+02
 2.55000000e+02 2.55000000e+02 2.55000000e+02 2.55000000e+02
 2.55000000e+02 2.55000000e+02 2.55000000e+02 2.55000000e+02
 0.00000000e+00 0.00000000e+00 0.00000000e+00 1.00000000e+00
 2.54000000e+02 2.55000000e+02 2.55000000e+02 2.55000000e+02
 0.00000000e+00 0.00000000e+00 0.00000000e+00 1.00000000e+00
 2.54000000e+02 2.55000000e+02 2.55000000e+02 2.55000000e+02
 2.55000000e+02 2.55000000e+02 2.55000000e+02 2.55000000e+02
 2.55000000e+02 2.55000000e+02 2.55000000e+02 2.55000000e+02
 1.00000000e+00 1.00000000e+00 1.00000000e+00 1.00000000e+00
 1.00000000e+00 0.00000000e+00 0.00000000e+00 0.00000000e+00
 2.54968750e+02 2.55000000e+02 2.55000000e+02 2.54015625e+02
 9.84375000e-01 0.00000000e+00 0.00000000e+00 1.56250000e-02
 2.54953125e+02 2.55000000e+02 2.55000000e+02 2.53984375e+02
 1.00000000e+00 0.00000000e+00 0.00000000e+00 0.00000000e+00
 1.00000000e+00 1.00000000e+00 9.84375000e-01 1.00000000e+00
 2.54000000e+02 2.55000000e+02 2.55000000e+02 2.55000000e+02
 2.55000000e+02 2.55000000e+02 2.55000000e+02 2.55000000e+02
 2.55000000e+02 2.55000000e+02 2.55000000e+02 2.54984375e+02
 1.56250000e-02 0.00000000e+00 0.00000000e+00 1.00000000e+00
 2.55000000e+02 2.55000000e+02 2.55000000e+02 2.53968750e+02
 2.54000000e+02 2.54015625e+02 2.54015625e+02 2.54000000e+02
 1.01562500e+00 1.56250000e-02 0.00000000e+00 0.00000000e+00
 1.00000000e+00 1.00000000e+00 0.00000000e+00 0.00000000e+00
 2.54000000e+02 2.55000000e+02 2.54968750e+02 2.54000000e+02
 2.54000000e+02 2.54000000e+02 2.55000000e+02 2.55000000e+02
 1.00000000e+00 0.00000000e+00 0.00000000e+00 1.00000000e+00
 2.54984375e+02 2.55000000e+02 2.54000000e+02 2.54000000e+02
 2.54000000e+02 2.55000000e+02 2.55000000e+02 2.54000000e+02
 2.54000000e+02 2.54015625e+02 2.54015625e+02 2.54000000e+02
 1.01562500e+00 1.56250000e-02 0.00000000e+00 0.00000000e+00
 1.00000000e+00 1.00000000e+00 1.00000000e+00 1.00000000e+00
 2.54000000e+02 2.55000000e+02 2.55000000e+02 2.55000000e+02
 1.56250000e-02 0.00000000e+00 0.00000000e+00 1.00000000e+00
 2.53984375e+02 2.55000000e+02 2.55000000e+02 2.55000000e+02
 2.55000000e+02 2.55000000e+02 2.55000000e+02 2.55000000e+02
 2.55000000e+02 2.55000000e+02 2.55000000e+02 2.55000000e+02
 1.00000000e+00 1.00000000e+00 1.00000000e+00 1.00000000e+00
 1.00000000e+00 3.12500000e-02 1.56250000e-02 1.56250000e-02
 2.54968750e+02 2.55000000e+02 2.54984375e+02 2.53984375e+02
 0.00000000e+00 0.00000000e+00 0.00000000e+00 1.01562500e+00
 2.54984375e+02 2.55000000e+02 2.54000000e+02 2.54000000e+02
 2.54000000e+02 2.55000000e+02 2.55000000e+02 2.54000000e+02
 2.54000000e+02 2.54015625e+02 2.54015625e+02 2.54000000e+02
 1.01562500e+00 1.56250000e-02 0.00000000e+00 0.00000000e+00
 1.00000000e+00 1.00000000e+00 1.00000000e+00 1.00000000e+00
 2.54000000e+02 2.55000000e+02 2.55000000e+02 2.55000000e+02
 1.56250000e-02 0.00000000e+00 0.00000000e+00 1.00000000e+00
 2.53984375e+02 2.55000000e+02 2.55000000e+02 2.55000000e+02
 0.00000000e+00 0.00000000e+00 0.00000000e+00 1.00000000e+00
 2.54000000e+02 2.55000000e+02 2.55000000e+02 2.55000000e+02
 1.56250000e-02 0.00000000e+00 0.00000000e+00 9.84375000e-01
 2.55000000e+02 2.55000000e+02 2.55000000e+02 2.54000000e+02
 1.00000000e+00 9.68750000e-01 1.00000000e+00 1.00000000e+00
 1.00000000e+00 3.12500000e-02 0.00000000e+00 0.00000000e+00
 9.84375000e-01 1.00000000e+00 0.00000000e+00 0.00000000e+00
 2.54000000e+02 2.55000000e+02 2.54968750e+02 2.54000000e+02
 2.54000000e+02 2.54000000e+02 2.54015625e+02 2.54000000e+02
 1.00000000e+00 0.00000000e+00 0.00000000e+00 1.56250000e-02
 2.55000000e+02 2.55000000e+02 2.55000000e+02 2.54000000e+02
 1.00000000e+00 1.56250000e-02 0.00000000e+00 0.00000000e+00
 9.84375000e-01 1.00000000e+00 0.00000000e+00 0.00000000e+00
 2.54000000e+02 2.55000000e+02 2.54968750e+02 2.54000000e+02
 2.54000000e+02 2.54015625e+02 2.54015625e+02 2.54000000e+02
 1.01562500e+00 1.56250000e-02 0.00000000e+00 0.00000000e+00
 1.00000000e+00 1.00000000e+00 1.56250000e-02 1.56250000e-02
 2.54000000e+02 2.54984375e+02 2.54984375e+02 2.54000000e+02
 1.00000000e+00 1.00000000e+00 1.00000000e+00 1.00000000e+00
 1.00000000e+00 3.12500000e-02 1.56250000e-02 1.56250000e-02
 2.55000000e+02 2.55000000e+02 2.55000000e+02 2.54000000e+02
 1.00000000e+00 1.56250000e-02 0.00000000e+00 0.00000000e+00
 9.84375000e-01 1.00000000e+00 0.00000000e+00 0.00000000e+00
 2.54000000e+02 2.55000000e+02 2.54968750e+02 2.54000000e+02
 2.54000000e+02 2.54000000e+02 2.55000000e+02 2.55000000e+02
 1.00000000e+00 0.00000000e+00 0.00000000e+00 1.00000000e+00
 2.55000000e+02 2.55000000e+02 2.54000000e+02 2.54000000e+02
 2.54000000e+02 2.54984375e+02 2.55000000e+02 2.53984375e+02
 1.00000000e+00 9.68750000e-01 1.00000000e+00 1.00000000e+00
 1.00000000e+00 3.12500000e-02 0.00000000e+00 0.00000000e+00
 1.00000000e+00 1.00000000e+00 1.56250000e-02 1.56250000e-02
 2.54000000e+02 2.54984375e+02 2.54984375e+02 2.54000000e+02
 1.56250000e-02 0.00000000e+00 9.84375000e-01 9.84375000e-01
 0.00000000e+00 0.00000000e+00 0.00000000e+00 1.00000000e+00
 2.55000000e+02 2.55000000e+02 2.54000000e+02 2.54000000e+02
 2.54000000e+02 2.54984375e+02 2.55000000e+02 2.53984375e+02
 1.00000000e+00 9.84375000e-01 1.00000000e+00 1.00000000e+00
 9.84375000e-01 0.00000000e+00 0.00000000e+00 0.00000000e+00
 2.55000000e+02 2.55000000e+02 2.55000000e+02 2.54000000e+02
 4.68750000e-02 0.00000000e+00 0.00000000e+00 1.00000000e+00
 2.55000000e+02 2.55000000e+02 2.54000000e+02 2.54000000e+02
 2.54000000e+02 2.55000000e+02 2.55000000e+02 2.54000000e+02
 2.54000000e+02 2.54000000e+02 2.55000000e+02 2.55000000e+02
 1.00000000e+00 0.00000000e+00 0.00000000e+00 1.00000000e+00
 2.54000000e+02 2.55000000e+02 2.55000000e+02 2.54000000e+02
 2.54000000e+02 2.55000000e+02 2.55000000e+02 2.55000000e+02
 0.00000000e+00 0.00000000e+00 0.00000000e+00 1.00000000e+00
 2.54000000e+02 2.55000000e+02 2.55000000e+02 2.55000000e+02
 0.00000000e+00 0.00000000e+00 0.00000000e+00 1.00000000e+00
 2.54000000e+02 2.55000000e+02 2.55000000e+02 2.55000000e+02
 2.55000000e+02 2.55000000e+02 2.55000000e+02 2.55000000e+02
 2.55000000e+02 2.55000000e+02 2.55000000e+02 2.55000000e+02
 2.55000000e+02 2.55000000e+02 2.55000000e+02 2.55000000e+02
 2.55000000e+02 2.55000000e+02 2.55000000e+02 2.55000000e+02
 2.55000000e+02 2.55000000e+02 2.55000000e+02 2.55000000e+02
 2.55000000e+02 2.55000000e+02 2.55000000e+02 2.55000000e+02
 2.55000000e+02 2.55000000e+02][2.55000000e+02 2.55000000e+02 2.55000000e+02 2.55000000e+02
 2.55000000e+02 2.55000000e+02 2.55000000e+02 2.55000000e+02
 2.55000000e+02 2.55000000e+02 2.55000000e+02 2.55000000e+02
 2.55000000e+02 2.55000000e+02 2.55000000e+02 2.55000000e+02
 2.55000000e+02 2.55000000e+02 2.55000000e+02 2.55000000e+02
 2.55000000e+02 2.55000000e+02 2.55000000e+02 2.55000000e+02
 2.55000000e+02 2.55000000e+02 2.55000000e+02 2.55000000e+02
 2.55000000e+02 2.55000000e+02 2.55000000e+02 2.55000000e+02
 0.00000000e+00 0.00000000e+00 0.00000000e+00 1.00000000e+00
 2.54000000e+02 2.55000000e+02 2.55000000e+02 2.55000000e+02
 0.00000000e+00 0.00000000e+00 0.00000000e+00 1.00000000e+00
 2.54000000e+02 2.55000000e+02 2.55000000e+02 2.55000000e+02
 2.55000000e+02 2.55000000e+02 2.55000000e+02 2.55000000e+02
 2.55000000e+02 2.55000000e+02 2.55000000e+02 2.55000000e+02
 1.00000000e+00 1.00000000e+00 1.00000000e+00 1.00000000e+00
 1.00000000e+00 0.00000000e+00 0.00000000e+00 0.00000000e+00
 2.54968750e+02 2.55000000e+02 2.55000000e+02 2.54015625e+02
 9.84375000e-01 0.00000000e+00 0.00000000e+00 1.56250000e-02
 2.54953125e+02 2.55000000e+02 2.55000000e+02 2.53984375e+02
 1.00000000e+00 0.00000000e+00 0.00000000e+00 0.00000000e+00
 1.00000000e+00 1.00000000e+00 9.84375000e-01 1.00000000e+00
 2.54000000e+02 2.55000000e+02 2.55000000e+02 2.55000000e+02
 2.55000000e+02 2.55000000e+02 2.55000000e+02 2.55000000e+02
 2.55000000e+02 2.55000000e+02 2.55000000e+02 2.54984375e+02
 1.56250000e-02 0.00000000e+00 0.00000000e+00 1.00000000e+00
 2.55000000e+02 2.55000000e+02 2.55000000e+02 2.53968750e+02
 2.54000000e+02 2.54015625e+02 2.54015625e+02 2.54000000e+02
 1.01562500e+00 1.56250000e-02 0.00000000e+00 0.00000000e+00
 1.00000000e+00 1.00000000e+00 0.00000000e+00 0.00000000e+00
 2.54000000e+02 2.55000000e+02 2.54968750e+02 2.54000000e+02
 2.54000000e+02 2.54000000e+02 2.55000000e+02 2.55000000e+02
 1.00000000e+00 0.00000000e+00 0.00000000e+00 1.00000000e+00
 2.54984375e+02 2.55000000e+02 2.54000000e+02 2.54000000e+02
 2.54000000e+02 2.55000000e+02 2.55000000e+02 2.54000000e+02
 2.54000000e+02 2.54015625e+02 2.54015625e+02 2.54000000e+02
 1.01562500e+00 1.56250000e-02 0.00000000e+00 0.00000000e+00
 1.00000000e+00 1.00000000e+00 1.00000000e+00 1.00000000e+00
 2.54000000e+02 2.55000000e+02 2.55000000e+02 2.55000000e+02
 1.56250000e-02 0.00000000e+00 0.00000000e+00 1.00000000e+00
 2.53984375e+02 2.55000000e+02 2.55000000e+02 2.55000000e+02
 2.55000000e+02 2.55000000e+02 2.55000000e+02 2.55000000e+02
 2.55000000e+02 2.55000000e+02 2.55000000e+02 2.55000000e+02
 1.00000000e+00 1.00000000e+00 1.00000000e+00 1.00000000e+00
 1.00000000e+00 3.12500000e-02 1.56250000e-02 1.56250000e-02
 2.54968750e+02 2.55000000e+02 2.54984375e+02 2.53984375e+02
 0.00000000e+00 0.00000000e+00 0.00000000e+00 1.01562500e+00
 2.54984375e+02 2.55000000e+02 2.54000000e+02 2.54000000e+02
 2.54000000e+02 2.55000000e+02 2.55000000e+02 2.54000000e+02
 2.54000000e+02 2.54015625e+02 2.54015625e+02 2.54000000e+02
 1.01562500e+00 1.56250000e-02 0.00000000e+00 0.00000000e+00
 1.00000000e+00 1.00000000e+00 1.00000000e+00 1.00000000e+00
 2.54000000e+02 2.55000000e+02 2.55000000e+02 2.55000000e+02
 1.56250000e-02 0.00000000e+00 0.00000000e+00 1.00000000e+00
 2.53984375e+02 2.55000000e+02 2.55000000e+02 2.55000000e+02
 0.00000000e+00 0.00000000e+00 0.00000000e+00 1.00000000e+00
 2.54000000e+02 2.55000000e+02 2.55000000e+02 2.55000000e+02
 1.56250000e-02 0.00000000e+00 0.00000000e+00 9.84375000e-01
 2.55000000e+02 2.55000000e+02 2.55000000e+02 2.54000000e+02
 1.00000000e+00 9.68750000e-01 1.00000000e+00 1.00000000e+00
 1.00000000e+00 3.12500000e-02 0.00000000e+00 0.00000000e+00
 9.84375000e-01 1.00000000e+00 0.00000000e+00 0.00000000e+00
 2.54000000e+02 2.55000000e+02 2.54968750e+02 2.54000000e+02
 2.54000000e+02 2.54000000e+02 2.54015625e+02 2.54000000e+02
 1.00000000e+00 0.00000000e+00 0.00000000e+00 1.56250000e-02
 2.55000000e+02 2.55000000e+02 2.55000000e+02 2.54000000e+02
 1.00000000e+00 1.56250000e-02 0.00000000e+00 0.00000000e+00
 9.84375000e-01 1.00000000e+00 0.00000000e+00 0.00000000e+00
 2.54000000e+02 2.55000000e+02 2.54968750e+02 2.54000000e+02
 2.54000000e+02 2.54015625e+02 2.54015625e+02 2.54000000e+02
 1.01562500e+00 1.56250000e-02 0.00000000e+00 0.00000000e+00
 1.00000000e+00 1.00000000e+00 1.56250000e-02 1.56250000e-02
 2.54000000e+02 2.54984375e+02 2.54984375e+02 2.54000000e+02
 1.00000000e+00 1.00000000e+00 1.00000000e+00 1.00000000e+00
 1.00000000e+00 3.12500000e-02 1.56250000e-02 1.56250000e-02
 2.55000000e+02 2.55000000e+02 2.55000000e+02 2.54000000e+02
 1.00000000e+00 1.56250000e-02 0.00000000e+00 0.00000000e+00
 9.84375000e-01 1.00000000e+00 0.00000000e+00 0.00000000e+00
 2.54000000e+02 2.55000000e+02 2.54968750e+02 2.54000000e+02
 2.54000000e+02 2.54000000e+02 2.55000000e+02 2.55000000e+02
 1.00000000e+00 0.00000000e+00 0.00000000e+00 1.00000000e+00
 2.55000000e+02 2.55000000e+02 2.54000000e+02 2.54000000e+02
 2.54000000e+02 2.54984375e+02 2.55000000e+02 2.53984375e+02
 1.00000000e+00 9.68750000e-01 1.00000000e+00 1.00000000e+00
 1.00000000e+00 3.12500000e-02 0.00000000e+00 0.00000000e+00
 1.00000000e+00 1.00000000e+00 1.56250000e-02 1.56250000e-02
 2.54000000e+02 2.54984375e+02 2.54984375e+02 2.54000000e+02
 1.56250000e-02 0.00000000e+00 9.84375000e-01 9.84375000e-01
 0.00000000e+00 0.00000000e+00 0.00000000e+00 1.00000000e+00
 2.55000000e+02 2.55000000e+02 2.54000000e+02 2.54000000e+02
 2.54000000e+02 2.54984375e+02 2.55000000e+02 2.53984375e+02
 1.00000000e+00 9.84375000e-01 1.00000000e+00 1.00000000e+00
 9.84375000e-01 0.00000000e+00 0.00000000e+00 0.00000000e+00
 2.55000000e+02 2.55000000e+02 2.55000000e+02 2.54000000e+02
 4.68750000e-02 0.00000000e+00 0.00000000e+00 1.00000000e+00
 2.55000000e+02 2.55000000e+02 2.54000000e+02 2.54000000e+02
 2.54000000e+02 2.55000000e+02 2.55000000e+02 2.54000000e+02
 2.54000000e+02 2.54000000e+02 2.55000000e+02 2.55000000e+02
 1.00000000e+00 0.00000000e+00 0.00000000e+00 1.00000000e+00
 2.54000000e+02 2.55000000e+02 2.55000000e+02 2.54000000e+02
 2.54000000e+02 2.55000000e+02 2.55000000e+02 2.55000000e+02
 0.00000000e+00 0.00000000e+00 0.00000000e+00 1.00000000e+00
 2.54000000e+02 2.55000000e+02 2.55000000e+02 2.55000000e+02
 0.00000000e+00 0.00000000e+00 0.00000000e+00 1.00000000e+00
 2.54000000e+02 2.55000000e+02 2.55000000e+02 2.55000000e+02
 2.55000000e+02 2.55000000e+02 2.55000000e+02 2.55000000e+02
 2.55000000e+02 2.55000000e+02 2.55000000e+02 2.55000000e+02
 2.55000000e+02 2.55000000e+02 2.55000000e+02 2.55000000e+02
 2.55000000e+02 2.55000000e+02 2.55000000e+02 2.55000000e+02
 2.55000000e+02 2.55000000e+02 2.55000000e+02 2.55000000e+02
 2.55000000e+02 2.55000000e+02 2.55000000e+02 2.55000000e+02
 2.55000000e+02 2.55000000e+02]